{
 "cells": [
  {
   "cell_type": "code",
   "execution_count": 13,
   "metadata": {},
   "outputs": [],
   "source": [
    "import numpy as np\n",
    "import pandas as pd"
   ]
  },
  {
   "cell_type": "code",
   "execution_count": 14,
   "metadata": {},
   "outputs": [
    {
     "data": {
      "text/html": [
       "<div>\n",
       "<style scoped>\n",
       "    .dataframe tbody tr th:only-of-type {\n",
       "        vertical-align: middle;\n",
       "    }\n",
       "\n",
       "    .dataframe tbody tr th {\n",
       "        vertical-align: top;\n",
       "    }\n",
       "\n",
       "    .dataframe thead th {\n",
       "        text-align: right;\n",
       "    }\n",
       "</style>\n",
       "<table border=\"1\" class=\"dataframe\">\n",
       "  <thead>\n",
       "    <tr style=\"text-align: right;\">\n",
       "      <th></th>\n",
       "      <th>Temperature</th>\n",
       "      <th>Humidity</th>\n",
       "      <th>Wind Speed</th>\n",
       "      <th>Precipitation (%)</th>\n",
       "      <th>Cloud Cover</th>\n",
       "      <th>Atmospheric Pressure</th>\n",
       "      <th>UV Index</th>\n",
       "      <th>Season</th>\n",
       "      <th>Visibility (km)</th>\n",
       "      <th>Location</th>\n",
       "      <th>Weather Type</th>\n",
       "    </tr>\n",
       "  </thead>\n",
       "  <tbody>\n",
       "    <tr>\n",
       "      <th>0</th>\n",
       "      <td>14.0</td>\n",
       "      <td>73</td>\n",
       "      <td>9.5</td>\n",
       "      <td>82.0</td>\n",
       "      <td>partly cloudy</td>\n",
       "      <td>1010.82</td>\n",
       "      <td>2</td>\n",
       "      <td>Winter</td>\n",
       "      <td>3.5</td>\n",
       "      <td>inland</td>\n",
       "      <td>Rainy</td>\n",
       "    </tr>\n",
       "    <tr>\n",
       "      <th>1</th>\n",
       "      <td>39.0</td>\n",
       "      <td>96</td>\n",
       "      <td>8.5</td>\n",
       "      <td>71.0</td>\n",
       "      <td>partly cloudy</td>\n",
       "      <td>1011.43</td>\n",
       "      <td>7</td>\n",
       "      <td>Spring</td>\n",
       "      <td>10.0</td>\n",
       "      <td>inland</td>\n",
       "      <td>Cloudy</td>\n",
       "    </tr>\n",
       "    <tr>\n",
       "      <th>2</th>\n",
       "      <td>30.0</td>\n",
       "      <td>64</td>\n",
       "      <td>7.0</td>\n",
       "      <td>16.0</td>\n",
       "      <td>clear</td>\n",
       "      <td>1018.72</td>\n",
       "      <td>5</td>\n",
       "      <td>Spring</td>\n",
       "      <td>5.5</td>\n",
       "      <td>mountain</td>\n",
       "      <td>Sunny</td>\n",
       "    </tr>\n",
       "    <tr>\n",
       "      <th>3</th>\n",
       "      <td>38.0</td>\n",
       "      <td>83</td>\n",
       "      <td>1.5</td>\n",
       "      <td>82.0</td>\n",
       "      <td>clear</td>\n",
       "      <td>1026.25</td>\n",
       "      <td>7</td>\n",
       "      <td>Spring</td>\n",
       "      <td>1.0</td>\n",
       "      <td>coastal</td>\n",
       "      <td>Sunny</td>\n",
       "    </tr>\n",
       "    <tr>\n",
       "      <th>4</th>\n",
       "      <td>27.0</td>\n",
       "      <td>74</td>\n",
       "      <td>17.0</td>\n",
       "      <td>66.0</td>\n",
       "      <td>overcast</td>\n",
       "      <td>990.67</td>\n",
       "      <td>1</td>\n",
       "      <td>Winter</td>\n",
       "      <td>2.5</td>\n",
       "      <td>mountain</td>\n",
       "      <td>Rainy</td>\n",
       "    </tr>\n",
       "  </tbody>\n",
       "</table>\n",
       "</div>"
      ],
      "text/plain": [
       "   Temperature  Humidity  Wind Speed  Precipitation (%)    Cloud Cover  \\\n",
       "0         14.0        73         9.5               82.0  partly cloudy   \n",
       "1         39.0        96         8.5               71.0  partly cloudy   \n",
       "2         30.0        64         7.0               16.0          clear   \n",
       "3         38.0        83         1.5               82.0          clear   \n",
       "4         27.0        74        17.0               66.0       overcast   \n",
       "\n",
       "   Atmospheric Pressure  UV Index  Season  Visibility (km)  Location  \\\n",
       "0               1010.82         2  Winter              3.5    inland   \n",
       "1               1011.43         7  Spring             10.0    inland   \n",
       "2               1018.72         5  Spring              5.5  mountain   \n",
       "3               1026.25         7  Spring              1.0   coastal   \n",
       "4                990.67         1  Winter              2.5  mountain   \n",
       "\n",
       "  Weather Type  \n",
       "0        Rainy  \n",
       "1       Cloudy  \n",
       "2        Sunny  \n",
       "3        Sunny  \n",
       "4        Rainy  "
      ]
     },
     "execution_count": 14,
     "metadata": {},
     "output_type": "execute_result"
    }
   ],
   "source": [
    "data = pd.read_csv('./weather_classification_data.csv')\n",
    "data.head()"
   ]
  },
  {
   "cell_type": "code",
   "execution_count": 15,
   "metadata": {},
   "outputs": [
    {
     "data": {
      "text/plain": [
       "Temperature             float64\n",
       "Humidity                  int64\n",
       "Wind Speed              float64\n",
       "Precipitation (%)       float64\n",
       "Cloud Cover              object\n",
       "Atmospheric Pressure    float64\n",
       "UV Index                  int64\n",
       "Season                   object\n",
       "Visibility (km)         float64\n",
       "Location                 object\n",
       "Weather Type             object\n",
       "dtype: object"
      ]
     },
     "execution_count": 15,
     "metadata": {},
     "output_type": "execute_result"
    }
   ],
   "source": [
    "data.dtypes"
   ]
  },
  {
   "cell_type": "code",
   "execution_count": 16,
   "metadata": {},
   "outputs": [
    {
     "name": "stderr",
     "output_type": "stream",
     "text": [
      "/Users/bhagya/Library/Python/3.9/lib/python/site-packages/sklearn/preprocessing/_label.py:114: DataConversionWarning: A column-vector y was passed when a 1d array was expected. Please change the shape of y to (n_samples, ), for example using ravel().\n",
      "  y = column_or_1d(y, warn=True)\n",
      "/Users/bhagya/Library/Python/3.9/lib/python/site-packages/sklearn/preprocessing/_label.py:114: DataConversionWarning: A column-vector y was passed when a 1d array was expected. Please change the shape of y to (n_samples, ), for example using ravel().\n",
      "  y = column_or_1d(y, warn=True)\n",
      "/Users/bhagya/Library/Python/3.9/lib/python/site-packages/sklearn/preprocessing/_label.py:114: DataConversionWarning: A column-vector y was passed when a 1d array was expected. Please change the shape of y to (n_samples, ), for example using ravel().\n",
      "  y = column_or_1d(y, warn=True)\n"
     ]
    }
   ],
   "source": [
    "from sklearn.preprocessing import OrdinalEncoder, LabelEncoder\n",
    "\n",
    "oe = OrdinalEncoder()\n",
    "data['Cloud Cover'] = oe.fit_transform(data['Cloud Cover'].values.reshape((-1,1)))\n",
    "le = LabelEncoder()\n",
    "data['Season'] = le.fit_transform(data['Season'].values.reshape((-1,1)))\n",
    "data['Location'] = le.fit_transform(data['Location'].values.reshape((-1,1)))\n",
    "data['Weather Type'] = le.fit_transform(data['Weather Type'].values.reshape((-1,1)))"
   ]
  },
  {
   "cell_type": "code",
   "execution_count": 17,
   "metadata": {},
   "outputs": [
    {
     "data": {
      "text/html": [
       "<div>\n",
       "<style scoped>\n",
       "    .dataframe tbody tr th:only-of-type {\n",
       "        vertical-align: middle;\n",
       "    }\n",
       "\n",
       "    .dataframe tbody tr th {\n",
       "        vertical-align: top;\n",
       "    }\n",
       "\n",
       "    .dataframe thead th {\n",
       "        text-align: right;\n",
       "    }\n",
       "</style>\n",
       "<table border=\"1\" class=\"dataframe\">\n",
       "  <thead>\n",
       "    <tr style=\"text-align: right;\">\n",
       "      <th></th>\n",
       "      <th>Temperature</th>\n",
       "      <th>Humidity</th>\n",
       "      <th>Wind Speed</th>\n",
       "      <th>Precipitation (%)</th>\n",
       "      <th>Cloud Cover</th>\n",
       "      <th>Atmospheric Pressure</th>\n",
       "      <th>UV Index</th>\n",
       "      <th>Season</th>\n",
       "      <th>Visibility (km)</th>\n",
       "      <th>Location</th>\n",
       "      <th>Weather Type</th>\n",
       "    </tr>\n",
       "  </thead>\n",
       "  <tbody>\n",
       "    <tr>\n",
       "      <th>Temperature</th>\n",
       "      <td>1.000000</td>\n",
       "      <td>-0.207969</td>\n",
       "      <td>-0.070022</td>\n",
       "      <td>-0.287206</td>\n",
       "      <td>-0.224642</td>\n",
       "      <td>0.209188</td>\n",
       "      <td>0.374773</td>\n",
       "      <td>-0.377942</td>\n",
       "      <td>0.250751</td>\n",
       "      <td>-0.196108</td>\n",
       "      <td>0.028923</td>\n",
       "    </tr>\n",
       "    <tr>\n",
       "      <th>Humidity</th>\n",
       "      <td>-0.207969</td>\n",
       "      <td>1.000000</td>\n",
       "      <td>0.406079</td>\n",
       "      <td>0.638631</td>\n",
       "      <td>0.277199</td>\n",
       "      <td>-0.120653</td>\n",
       "      <td>-0.342694</td>\n",
       "      <td>0.189145</td>\n",
       "      <td>-0.479969</td>\n",
       "      <td>0.079968</td>\n",
       "      <td>-0.250558</td>\n",
       "    </tr>\n",
       "    <tr>\n",
       "      <th>Wind Speed</th>\n",
       "      <td>-0.070022</td>\n",
       "      <td>0.406079</td>\n",
       "      <td>1.000000</td>\n",
       "      <td>0.443770</td>\n",
       "      <td>0.183863</td>\n",
       "      <td>-0.077757</td>\n",
       "      <td>-0.068147</td>\n",
       "      <td>0.058676</td>\n",
       "      <td>-0.311828</td>\n",
       "      <td>0.014091</td>\n",
       "      <td>-0.166485</td>\n",
       "    </tr>\n",
       "    <tr>\n",
       "      <th>Precipitation (%)</th>\n",
       "      <td>-0.287206</td>\n",
       "      <td>0.638631</td>\n",
       "      <td>0.443770</td>\n",
       "      <td>1.000000</td>\n",
       "      <td>0.267368</td>\n",
       "      <td>-0.177444</td>\n",
       "      <td>-0.291601</td>\n",
       "      <td>0.210372</td>\n",
       "      <td>-0.457444</td>\n",
       "      <td>0.091911</td>\n",
       "      <td>-0.161578</td>\n",
       "    </tr>\n",
       "    <tr>\n",
       "      <th>Cloud Cover</th>\n",
       "      <td>-0.224642</td>\n",
       "      <td>0.277199</td>\n",
       "      <td>0.183863</td>\n",
       "      <td>0.267368</td>\n",
       "      <td>1.000000</td>\n",
       "      <td>-0.096133</td>\n",
       "      <td>-0.347301</td>\n",
       "      <td>0.076947</td>\n",
       "      <td>-0.169604</td>\n",
       "      <td>0.030464</td>\n",
       "      <td>-0.536681</td>\n",
       "    </tr>\n",
       "    <tr>\n",
       "      <th>Atmospheric Pressure</th>\n",
       "      <td>0.209188</td>\n",
       "      <td>-0.120653</td>\n",
       "      <td>-0.077757</td>\n",
       "      <td>-0.177444</td>\n",
       "      <td>-0.096133</td>\n",
       "      <td>1.000000</td>\n",
       "      <td>0.154128</td>\n",
       "      <td>-0.126795</td>\n",
       "      <td>0.120182</td>\n",
       "      <td>-0.077053</td>\n",
       "      <td>0.030679</td>\n",
       "    </tr>\n",
       "    <tr>\n",
       "      <th>UV Index</th>\n",
       "      <td>0.374773</td>\n",
       "      <td>-0.342694</td>\n",
       "      <td>-0.068147</td>\n",
       "      <td>-0.291601</td>\n",
       "      <td>-0.347301</td>\n",
       "      <td>0.154128</td>\n",
       "      <td>1.000000</td>\n",
       "      <td>-0.201870</td>\n",
       "      <td>0.362922</td>\n",
       "      <td>-0.100510</td>\n",
       "      <td>0.345804</td>\n",
       "    </tr>\n",
       "    <tr>\n",
       "      <th>Season</th>\n",
       "      <td>-0.377942</td>\n",
       "      <td>0.189145</td>\n",
       "      <td>0.058676</td>\n",
       "      <td>0.210372</td>\n",
       "      <td>0.076947</td>\n",
       "      <td>-0.126795</td>\n",
       "      <td>-0.201870</td>\n",
       "      <td>1.000000</td>\n",
       "      <td>-0.231691</td>\n",
       "      <td>0.147115</td>\n",
       "      <td>0.118791</td>\n",
       "    </tr>\n",
       "    <tr>\n",
       "      <th>Visibility (km)</th>\n",
       "      <td>0.250751</td>\n",
       "      <td>-0.479969</td>\n",
       "      <td>-0.311828</td>\n",
       "      <td>-0.457444</td>\n",
       "      <td>-0.169604</td>\n",
       "      <td>0.120182</td>\n",
       "      <td>0.362922</td>\n",
       "      <td>-0.231691</td>\n",
       "      <td>1.000000</td>\n",
       "      <td>-0.093642</td>\n",
       "      <td>0.047448</td>\n",
       "    </tr>\n",
       "    <tr>\n",
       "      <th>Location</th>\n",
       "      <td>-0.196108</td>\n",
       "      <td>0.079968</td>\n",
       "      <td>0.014091</td>\n",
       "      <td>0.091911</td>\n",
       "      <td>0.030464</td>\n",
       "      <td>-0.077053</td>\n",
       "      <td>-0.100510</td>\n",
       "      <td>0.147115</td>\n",
       "      <td>-0.093642</td>\n",
       "      <td>1.000000</td>\n",
       "      <td>0.071665</td>\n",
       "    </tr>\n",
       "    <tr>\n",
       "      <th>Weather Type</th>\n",
       "      <td>0.028923</td>\n",
       "      <td>-0.250558</td>\n",
       "      <td>-0.166485</td>\n",
       "      <td>-0.161578</td>\n",
       "      <td>-0.536681</td>\n",
       "      <td>0.030679</td>\n",
       "      <td>0.345804</td>\n",
       "      <td>0.118791</td>\n",
       "      <td>0.047448</td>\n",
       "      <td>0.071665</td>\n",
       "      <td>1.000000</td>\n",
       "    </tr>\n",
       "  </tbody>\n",
       "</table>\n",
       "</div>"
      ],
      "text/plain": [
       "                      Temperature  Humidity  Wind Speed  Precipitation (%)  \\\n",
       "Temperature              1.000000 -0.207969   -0.070022          -0.287206   \n",
       "Humidity                -0.207969  1.000000    0.406079           0.638631   \n",
       "Wind Speed              -0.070022  0.406079    1.000000           0.443770   \n",
       "Precipitation (%)       -0.287206  0.638631    0.443770           1.000000   \n",
       "Cloud Cover             -0.224642  0.277199    0.183863           0.267368   \n",
       "Atmospheric Pressure     0.209188 -0.120653   -0.077757          -0.177444   \n",
       "UV Index                 0.374773 -0.342694   -0.068147          -0.291601   \n",
       "Season                  -0.377942  0.189145    0.058676           0.210372   \n",
       "Visibility (km)          0.250751 -0.479969   -0.311828          -0.457444   \n",
       "Location                -0.196108  0.079968    0.014091           0.091911   \n",
       "Weather Type             0.028923 -0.250558   -0.166485          -0.161578   \n",
       "\n",
       "                      Cloud Cover  Atmospheric Pressure  UV Index    Season  \\\n",
       "Temperature             -0.224642              0.209188  0.374773 -0.377942   \n",
       "Humidity                 0.277199             -0.120653 -0.342694  0.189145   \n",
       "Wind Speed               0.183863             -0.077757 -0.068147  0.058676   \n",
       "Precipitation (%)        0.267368             -0.177444 -0.291601  0.210372   \n",
       "Cloud Cover              1.000000             -0.096133 -0.347301  0.076947   \n",
       "Atmospheric Pressure    -0.096133              1.000000  0.154128 -0.126795   \n",
       "UV Index                -0.347301              0.154128  1.000000 -0.201870   \n",
       "Season                   0.076947             -0.126795 -0.201870  1.000000   \n",
       "Visibility (km)         -0.169604              0.120182  0.362922 -0.231691   \n",
       "Location                 0.030464             -0.077053 -0.100510  0.147115   \n",
       "Weather Type            -0.536681              0.030679  0.345804  0.118791   \n",
       "\n",
       "                      Visibility (km)  Location  Weather Type  \n",
       "Temperature                  0.250751 -0.196108      0.028923  \n",
       "Humidity                    -0.479969  0.079968     -0.250558  \n",
       "Wind Speed                  -0.311828  0.014091     -0.166485  \n",
       "Precipitation (%)           -0.457444  0.091911     -0.161578  \n",
       "Cloud Cover                 -0.169604  0.030464     -0.536681  \n",
       "Atmospheric Pressure         0.120182 -0.077053      0.030679  \n",
       "UV Index                     0.362922 -0.100510      0.345804  \n",
       "Season                      -0.231691  0.147115      0.118791  \n",
       "Visibility (km)              1.000000 -0.093642      0.047448  \n",
       "Location                    -0.093642  1.000000      0.071665  \n",
       "Weather Type                 0.047448  0.071665      1.000000  "
      ]
     },
     "execution_count": 17,
     "metadata": {},
     "output_type": "execute_result"
    }
   ],
   "source": [
    "data.corr()"
   ]
  },
  {
   "cell_type": "code",
   "execution_count": 18,
   "metadata": {},
   "outputs": [
    {
     "data": {
      "text/plain": [
       "((13200, 10), (13200,))"
      ]
     },
     "execution_count": 18,
     "metadata": {},
     "output_type": "execute_result"
    }
   ],
   "source": [
    "y = data['Weather Type']\n",
    "X = data.drop(['Weather Type'], axis = 1)\n",
    "X.shape, y.shape"
   ]
  },
  {
   "cell_type": "code",
   "execution_count": 19,
   "metadata": {},
   "outputs": [],
   "source": [
    "from sklearn.model_selection import train_test_split\n",
    "from sklearn.metrics import accuracy_score\n",
    "\n",
    "X_train, X_test, y_train, y_test = train_test_split(X, y, test_size=0.2, random_state=42)"
   ]
  },
  {
   "cell_type": "code",
   "execution_count": 20,
   "metadata": {},
   "outputs": [
    {
     "data": {
      "text/plain": [
       "0.906439393939394"
      ]
     },
     "execution_count": 20,
     "metadata": {},
     "output_type": "execute_result"
    }
   ],
   "source": [
    "from sklearn.tree import DecisionTreeClassifier\n",
    "\n",
    "dtc = DecisionTreeClassifier()\n",
    "dtc.fit(X_train, y_train)\n",
    "dtc_pred = dtc.predict(X_test)\n",
    "dtc_acc = accuracy_score(y_test, dtc_pred)\n",
    "dtc_acc"
   ]
  }
 ],
 "metadata": {
  "kernelspec": {
   "display_name": "Python 3",
   "language": "python",
   "name": "python3"
  },
  "language_info": {
   "codemirror_mode": {
    "name": "ipython",
    "version": 3
   },
   "file_extension": ".py",
   "mimetype": "text/x-python",
   "name": "python",
   "nbconvert_exporter": "python",
   "pygments_lexer": "ipython3",
   "version": "3.9.6"
  }
 },
 "nbformat": 4,
 "nbformat_minor": 2
}
